Subject:	G
Date:	01/30/2015
Stage:	K27: 75 degrees
Device:	Knob
Device Position:	1.250000
Constraint:	None
Trial Initiation Threshold:	5.00 degrees (total)
Hit Threshold:	75.00 degrees (total)
Hit Window:	2.00 s

Overall Hit Rate:	87.94%
Hits:	124
Misses:	17
Mean Max Turn Distance for Session:	76.37 degrees (total)
Standard Deviation:	19.09
Max of Signal (deg):	138.750000
Min of Signal (deg):	-0.250000
Mean Peak Velocity (deg/10ms):	1.983314
Mean Peak Acceleration (deg/10ms^2):	0.866740
Mean Number of Turns:	1.212766
Mean Latency to Hit (ms):	168.588710
Total Mean Turn Distance (deg):	68.683784

Trial 	Time		Outcome		degrees		Hit Thres	Peak Vel	Peak Accel	# of Turns	Latency to hit	Avg turn distance
1	09:50:55	H		138.75		75.00		10.49		1.22		2.00		126.00		78.10
2	09:52:31	M		8.75		75.00		0.46		0.17		1.00		NaN		8.50
3	09:52:36	M		17.00		75.00		1.17		0.41		2.00		NaN		15.80
4	09:52:55	M		56.25		75.00		2.01		0.92		1.00		NaN		55.70
5	09:53:04	M		74.75		75.00		1.42		0.18		1.00		NaN		11.75
6	09:53:13	H		86.00		75.00		2.51		1.14		1.00		144.00		85.80
7	09:53:23	H		76.75		75.00		1.99		0.89		1.00		157.00		76.70
8	09:53:33	H		77.75		75.00		1.31		1.03		1.00		170.00		77.75
9	09:53:42	H		80.25		75.00		2.10		1.07		1.00		162.00		80.25
10	09:53:50	H		75.75		75.00		1.66		1.00		1.00		191.00		75.75
11	09:54:00	H		89.75		75.00		2.89		0.23		2.00		260.00		54.80
12	09:54:10	H		78.00		75.00		1.41		1.02		1.00		178.00		77.90
13	09:54:18	H		75.75		75.00		1.32		0.95		1.00		199.00		73.70
14	09:54:27	H		77.00		75.00		1.66		0.99		1.00		181.00		77.00
15	09:54:38	H		86.00		75.00		2.00		0.98		1.00		149.00		85.95
16	09:54:47	H		77.50		75.00		1.48		0.92		1.00		181.00		77.50
17	09:54:56	H		79.50		75.00		1.44		0.99		1.00		183.00		79.50
18	09:55:04	H		80.25		75.00		1.92		0.99		1.00		168.00		80.10
19	09:55:11	H		77.25		75.00		1.59		0.99		1.00		171.00		77.25
20	09:55:19	H		79.00		75.00		1.83		0.99		1.00		170.00		78.80
21	09:55:28	H		80.50		75.00		1.33		0.95		1.00		226.00		80.50
22	09:55:37	H		80.00		75.00		2.42		0.95		1.00		154.00		80.00
23	09:55:44	H		80.25		75.00		1.75		0.98		1.00		150.00		80.15
24	09:55:50	H		79.50		75.00		2.25		1.02		1.00		146.00		79.45
25	09:55:58	H		81.75		75.00		2.39		0.97		1.00		152.00		81.75
26	09:56:04	H		85.25		75.00		1.76		0.97		2.00		231.00		45.52
27	09:56:13	H		85.25		75.00		2.12		1.02		1.00		144.00		85.15
28	09:56:21	M		56.50		75.00		2.08		0.81		1.00		NaN		55.60
29	09:56:27	M		22.25		75.00		0.78		0.16		1.00		NaN		22.10
30	09:56:31	H		82.75		75.00		0.65		0.95		1.00		102.00		82.75
31	09:56:38	H		85.25		75.00		2.16		1.03		1.00		153.00		85.25
32	09:56:46	H		81.00		75.00		1.94		1.02		1.00		163.00		80.80
33	09:56:53	H		81.50		75.00		2.28		0.96		1.00		151.00		81.50
34	09:56:59	H		80.75		75.00		2.15		0.19		2.00		264.00		44.88
35	09:57:07	H		77.25		75.00		2.35		0.94		2.00		244.00		41.30
36	09:57:16	H		77.50		75.00		1.58		0.96		1.00		172.00		77.50
37	09:57:26	H		77.00		75.00		1.82		1.00		1.00		172.00		77.00
38	09:57:33	H		86.75		75.00		2.05		0.18		2.00		240.00		46.00
39	09:57:42	H		80.75		75.00		1.37		0.93		1.00		168.00		80.75
40	09:57:50	M		41.00		75.00		1.64		0.67		1.00		NaN		40.50
41	09:57:55	H		84.25		75.00		1.99		0.97		1.00		157.00		84.25
42	09:58:05	H		81.25		75.00		1.76		1.02		1.00		172.00		81.25
43	09:58:13	H		82.75		75.00		1.91		1.03		1.00		158.00		82.65
44	09:58:21	H		84.50		75.00		2.84		0.96		1.00		141.00		84.50
45	09:58:27	H		83.75		75.00		2.23		0.95		1.00		148.00		83.75
46	09:58:37	H		77.25		75.00		1.69		0.98		1.00		165.00		77.25
47	09:58:46	H		82.25		75.00		2.18		1.04		1.00		149.00		81.00
48	09:58:55	H		79.75		75.00		1.91		0.97		1.00		161.00		79.60
49	09:59:02	H		78.00		75.00		2.37		0.39		2.00		254.00		44.13
50	09:59:10	H		75.50		75.00		2.23		0.92		1.00		191.00		73.30
51	09:59:17	H		77.00		75.00		1.66		0.94		1.00		170.00		77.00
52	09:59:24	H		76.25		75.00		1.36		0.24		2.00		270.00		44.15
53	09:59:33	H		76.75		75.00		1.83		0.97		1.00		158.00		76.70
54	09:59:40	H		81.50		75.00		2.06		0.98		1.00		150.00		81.30
55	09:59:49	H		79.25		75.00		2.34		0.95		1.00		154.00		79.15
56	09:59:58	H		83.50		75.00		2.68		1.03		1.00		138.00		83.50
57	10:00:04	M		5.00		75.00		0.10		0.08		1.00		NaN		NaN
58	10:00:08	H		93.00		75.00		0.02		1.02		1.00		1.00		NaN
59	10:00:13	M		5.75		75.00		0.10		0.15		1.00		NaN		5.60
60	10:00:17	H		97.00		75.00		0.02		1.02		1.00		1.00		NaN
61	10:00:24	H		86.00		75.00		3.02		1.06		1.00		145.00		86.00
62	10:00:31	H		80.50		75.00		3.17		0.99		1.00		143.00		80.50
63	10:00:38	H		83.25		75.00		2.27		1.03		2.00		235.00		45.25
64	10:00:47	H		82.00		75.00		2.08		0.98		1.00		158.00		81.95
65	10:00:55	M		25.50		75.00		1.44		0.14		1.00		NaN		5.45
66	10:00:59	H		103.50		75.00		0.05		1.00		1.00		1.00		NaN
67	10:01:06	H		77.25		75.00		2.91		0.95		1.00		223.00		77.25
68	10:01:13	H		82.25		75.00		2.04		0.95		1.00		147.00		82.10
69	10:01:28	H		84.25		75.00		2.04		1.01		1.00		146.00		84.20
70	10:01:36	H		85.50		75.00		1.93		1.01		2.00		229.00		46.50
71	10:01:45	H		77.75		75.00		2.03		0.98		2.00		237.00		43.92
72	10:01:52	H		86.50		75.00		2.28		1.00		1.00		145.00		86.50
73	10:01:58	H		88.50		75.00		2.16		1.00		1.00		151.00		87.15
74	10:02:05	H		82.75		75.00		2.09		1.04		1.00		146.00		82.75
75	10:02:12	M		43.00		75.00		1.65		0.14		2.00		NaN		5.50
76	10:02:17	H		81.25		75.00		1.73		0.95		2.00		241.00		43.34
77	10:02:25	M		30.75		75.00		1.72		0.50		2.00		NaN		16.03
78	10:02:31	H		87.50		75.00		1.71		1.00		1.00		178.00		87.50
79	10:02:42	H		79.00		75.00		1.92		0.91		1.00		150.00		78.85
80	10:02:46	M		5.25		75.00		0.09		0.13		1.00		NaN		NaN
81	10:02:50	H		94.75		75.00		0.00		1.02		1.00		1.00		NaN
82	10:02:58	H		84.25		75.00		1.82		1.04		2.00		241.00		47.27
83	10:03:07	H		77.75		75.00		1.82		0.99		1.00		161.00		77.75
84	10:03:14	H		80.50		75.00		2.61		0.97		1.00		153.00		80.00
85	10:03:25	H		77.50		75.00		2.50		0.96		1.00		150.00		77.45
86	10:03:33	H		93.00		75.00		2.23		1.06		1.00		156.00		92.90
87	10:03:41	H		78.00		75.00		1.88		0.93		2.00		241.00		41.88
88	10:03:50	H		84.00		75.00		3.04		0.93		1.00		147.00		84.00
89	10:04:02	H		77.25		75.00		1.81		0.87		1.00		176.00		77.25
90	10:04:12	H		79.25		75.00		2.13		0.98		1.00		159.00		79.25
91	10:04:21	H		75.75		75.00		3.24		0.98		1.00		164.00		75.75
92	10:04:29	H		79.25		75.00		1.64		0.99		1.00		174.00		79.25
93	10:04:37	H		79.25		75.00		2.20		0.93		1.00		159.00		79.25
94	10:04:44	H		77.00		75.00		1.86		0.92		1.00		169.00		76.85
95	10:04:51	H		75.75		75.00		1.84		0.99		1.00		175.00		75.75
96	10:04:59	H		80.00		75.00		1.78		1.00		1.00		160.00		80.00
97	10:05:08	H		94.50		75.00		2.45		1.02		1.00		149.00		94.50
98	10:05:14	M		74.75		75.00		2.35		0.69		1.00		NaN		74.20
99	10:05:18	H		99.75		75.00		0.00		1.03		1.00		16.00		NaN
100	10:05:25	H		77.00		75.00		1.78		0.96		1.00		190.00		77.00
101	10:05:33	H		80.50		75.00		2.85		0.99		1.00		145.00		80.50
102	10:05:41	H		84.25		75.00		3.03		0.97		1.00		145.00		84.05
103	10:05:48	H		77.25		75.00		2.55		0.92		1.00		157.00		77.25
104	10:05:57	H		82.50		75.00		3.05		0.96		1.00		150.00		82.50
105	10:06:04	H		79.00		75.00		2.00		0.94		1.00		159.00		79.00
106	10:06:11	H		79.00		75.00		2.45		0.96		1.00		218.00		77.70
107	10:06:19	H		78.25		75.00		2.12		0.89		1.00		159.00		78.25
108	10:06:27	H		77.75		75.00		1.88		0.97		1.00		175.00		77.75
109	10:06:34	H		77.50		75.00		1.82		0.94		1.00		162.00		77.50
110	10:06:52	H		78.75		75.00		1.93		0.96		2.00		186.00		74.15
111	10:07:00	H		78.25		75.00		1.74		1.01		2.00		171.00		72.65
112	10:07:06	H		84.75		75.00		1.92		0.50		2.00		258.00		55.10
113	10:07:17	H		81.00		75.00		1.96		1.00		3.00		219.00		68.03
114	10:08:03	H		82.25		75.00		2.75		0.95		1.00		142.00		82.15
115	10:08:10	H		81.75		75.00		3.08		0.96		1.00		146.00		80.70
116	10:08:18	H		81.00		75.00		1.97		0.97		1.00		154.00		80.80
117	10:08:26	H		78.00		75.00		1.95		0.87		1.00		157.00		78.00
118	10:08:33	H		77.25		75.00		2.14		0.91		1.00		157.00		77.25
119	10:08:43	H		79.75		75.00		1.62		1.01		3.00		247.00		51.18
120	10:08:53	H		87.50		75.00		1.80		1.00		1.00		156.00		87.50
121	10:09:00	H		77.75		75.00		3.06		1.00		1.00		175.00		77.75
122	10:09:08	H		75.25		75.00		1.67		0.91		2.00		251.00		40.65
123	10:09:16	H		79.75		75.00		1.83		0.93		1.00		156.00		79.50
124	10:09:24	H		81.00		75.00		1.82		1.00		1.00		158.00		80.60
125	10:09:33	H		89.75		75.00		2.88		0.41		3.00		237.00		60.67
126	10:09:40	M		66.00		75.00		3.05		0.26		1.00		NaN		6.05
127	10:09:45	H		84.50		75.00		2.46		0.99		2.00		233.00		49.38
128	10:09:54	H		77.50		75.00		2.23		0.94		1.00		176.00		77.50
129	10:10:02	H		91.25		75.00		2.76		1.07		1.00		142.00		91.20
130	10:10:13	H		79.25		75.00		2.20		0.93		1.00		164.00		79.05
131	10:10:20	H		84.25		75.00		3.03		0.96		2.00		239.00		48.75
132	10:10:31	H		81.50		75.00		3.00		0.95		1.00		141.00		81.45
133	10:10:38	H		76.00		75.00		1.75		0.16		1.00		283.00		6.50
134	10:10:48	H		79.00		75.00		1.68		1.08		1.00		178.00		79.00
135	10:10:55	M		38.75		75.00		1.51		0.21		2.00		NaN		6.60
136	10:11:02	M		8.00		75.00		0.39		0.20		1.00		NaN		7.70
137	10:11:06	H		96.50		75.00		1.56		1.11		1.00		104.00		96.50
138	10:11:13	H		88.75		75.00		2.21		0.99		1.00		143.00		88.70
139	10:11:21	H		77.50		75.00		1.69		0.99		1.00		171.00		77.50
140	10:11:29	H		81.00		75.00		2.33		1.04		1.00		157.00		80.90
141	10:11:38	H		78.50		75.00		1.81		0.98		1.00		158.00		78.50
