Subject:	P
Date:	08/06/2015
Stage:	K27: 75 degrees
Device:	Knob
Device Position:	1.250000
Constraint:	None
Trial Initiation Threshold:	5.00 degrees (total)
Hit Threshold:	75.00 degrees (total)
Hit Window:	2.00 s

Overall Hit Rate:	94.16%
Hits:	129
Misses:	8
Mean Max Turn Distance for Session:	86.82 degrees (total)
Standard Deviation:	10.47
Max of Signal (deg):	102.250000
Min of Signal (deg):	-0.250000
Mean Peak Velocity (deg/10ms):	4.096934
Mean Peak Acceleration (deg/10ms^2):	0.782272
Mean Number of Turns:	1.051095
Mean Latency to Hit (ms):	128.961240
Total Mean Turn Distance (deg):	85.721715

Trial 	Time		Outcome		degrees		Hit Thres	Peak Vel	Peak Accel	# of Turns	Latency to hit	Avg turn distance
1	14:34:30	M		38.00		75.00		2.55		0.72		2.00		NaN		36.55
2	14:34:54	H		87.00		75.00		4.32		1.45		1.00		126.00		85.60
3	14:34:59	H		88.25		75.00		4.40		1.34		1.00		129.00		88.05
4	14:35:04	H		81.25		75.00		5.29		1.34		1.00		121.00		81.15
5	14:35:10	H		76.00		75.00		4.89		0.74		1.00		128.00		75.80
6	14:35:15	H		85.50		75.00		3.13		1.43		1.00		128.00		85.20
7	14:35:20	H		83.75		75.00		3.35		0.79		1.00		126.00		83.60
8	14:35:25	H		78.00		75.00		3.85		0.81		1.00		136.00		77.20
9	14:35:31	M		67.75		75.00		4.37		0.81		2.00		NaN		58.30
10	14:35:42	H		86.00		75.00		5.02		1.39		1.00		126.00		85.90
11	14:35:48	H		83.00		75.00		5.52		0.58		1.00		122.00		82.75
12	14:35:53	H		81.75		75.00		4.81		0.52		1.00		129.00		81.60
13	14:35:59	H		86.50		75.00		4.26		0.58		1.00		124.00		86.25
14	14:36:04	H		85.50		75.00		3.64		0.42		1.00		141.00		85.35
15	14:36:10	H		86.00		75.00		3.59		0.56		1.00		128.00		85.55
16	14:36:16	H		83.00		75.00		4.14		0.48		1.00		133.00		82.50
17	14:36:22	H		83.50		75.00		5.11		0.49		1.00		127.00		83.35
18	14:36:29	M		63.50		75.00		3.54		0.39		1.00		NaN		62.90
19	14:36:37	H		96.75		75.00		4.94		0.85		1.00		129.00		95.95
20	14:36:42	H		94.75		75.00		4.37		0.72		1.00		132.00		93.85
21	14:36:48	H		89.00		75.00		3.64		0.71		1.00		130.00		89.00
22	14:36:53	H		96.75		75.00		4.41		0.76		1.00		124.00		96.30
23	14:36:58	H		98.25		75.00		3.35		1.14		1.00		126.00		98.10
24	14:37:09	H		95.75		75.00		4.82		0.67		1.00		122.00		95.60
25	14:37:15	H		95.00		75.00		5.10		0.49		1.00		118.00		94.70
26	14:37:20	H		99.25		75.00		4.03		0.59		1.00		129.00		99.05
27	14:37:26	H		95.00		75.00		2.80		0.65		1.00		133.00		95.00
28	14:37:31	H		96.25		75.00		5.25		1.57		1.00		122.00		95.40
29	14:37:37	H		82.00		75.00		3.99		0.54		1.00		129.00		81.80
30	14:37:43	H		82.25		75.00		4.60		0.59		1.00		126.00		82.00
31	14:37:49	H		97.00		75.00		4.15		0.59		1.00		132.00		96.85
32	14:37:55	H		89.25		75.00		5.19		0.61		1.00		119.00		89.00
33	14:38:01	M		67.50		75.00		2.86		0.96		2.00		NaN		62.85
34	14:38:05	H		89.00		75.00		4.45		1.35		1.00		127.00		88.80
35	14:38:12	H		87.25		75.00		4.81		0.47		1.00		123.00		87.10
36	14:38:18	H		80.25		75.00		4.90		0.69		1.00		127.00		79.70
37	14:38:24	H		86.00		75.00		3.10		0.97		1.00		140.00		85.90
38	14:38:35	H		100.75		75.00		6.31		0.76		1.00		114.00		100.65
39	14:38:45	H		96.00		75.00		4.71		0.92		1.00		129.00		95.75
40	14:38:52	H		81.75		75.00		3.60		1.38		1.00		131.00		81.55
41	14:39:00	H		93.25		75.00		3.88		1.47		1.00		123.00		90.25
42	14:39:06	H		87.50		75.00		4.69		0.72		1.00		122.00		87.30
43	14:39:11	H		85.00		75.00		4.87		0.57		1.00		129.00		84.50
44	14:39:16	H		93.75		75.00		5.33		1.43		1.00		129.00		93.75
45	14:39:22	H		99.00		75.00		3.66		1.44		1.00		128.00		99.00
46	14:39:27	H		90.75		75.00		2.96		0.32		1.00		132.00		90.55
47	14:39:33	H		90.25		75.00		3.63		0.48		1.00		127.00		90.15
48	14:39:40	H		90.50		75.00		3.22		0.72		1.00		126.00		90.35
49	14:39:46	H		90.75		75.00		4.22		0.79		1.00		130.00		90.40
50	14:39:53	H		88.00		75.00		3.68		0.69		1.00		127.00		87.75
51	14:39:58	H		86.75		75.00		4.29		0.58		1.00		131.00		86.55
52	14:40:04	H		91.00		75.00		2.89		0.88		1.00		137.00		90.90
53	14:40:10	H		99.25		75.00		4.86		0.89		1.00		135.00		98.85
54	14:40:16	H		89.75		75.00		3.83		0.46		1.00		128.00		89.70
55	14:40:23	H		89.75		75.00		3.35		0.65		1.00		127.00		89.20
56	14:40:30	M		72.00		75.00		3.75		1.14		1.00		NaN		71.85
57	14:40:41	H		85.50		75.00		4.14		0.61		1.00		131.00		85.40
58	14:40:51	H		89.25		75.00		4.45		0.62		1.00		130.00		89.00
59	14:40:59	H		83.00		75.00		3.57		1.29		1.00		131.00		82.85
60	14:41:05	H		91.25		75.00		3.32		0.57		1.00		127.00		91.20
61	14:41:11	H		87.75		75.00		4.81		0.72		1.00		125.00		87.40
62	14:41:17	H		87.00		75.00		4.61		0.67		1.00		123.00		86.60
63	14:41:23	H		87.00		75.00		4.03		0.42		1.00		125.00		86.55
64	14:41:29	H		87.25		75.00		3.95		0.62		1.00		130.00		86.80
65	14:41:36	H		87.75		75.00		3.53		0.34		1.00		127.00		87.35
66	14:41:41	H		88.25		75.00		3.42		0.38		1.00		131.00		88.00
67	14:41:47	H		81.75		75.00		3.41		0.57		1.00		132.00		81.30
68	14:41:54	H		79.50		75.00		4.84		0.65		1.00		122.00		79.20
69	14:42:01	H		86.75		75.00		3.39		0.52		1.00		132.00		86.50
70	14:42:10	H		78.50		75.00		4.28		1.33		1.00		128.00		78.30
71	14:42:16	H		84.75		75.00		2.96		0.81		1.00		139.00		84.70
72	14:42:22	H		101.25		75.00		4.41		1.24		1.00		124.00		101.25
73	14:42:29	H		90.25		75.00		3.22		0.83		1.00		131.00		89.90
74	14:42:36	H		83.50		75.00		3.68		0.77		2.00		206.00		59.55
75	14:42:43	H		93.50		75.00		4.48		0.50		1.00		124.00		93.30
76	14:42:50	H		90.75		75.00		4.44		1.13		1.00		121.00		90.70
77	14:42:56	H		93.25		75.00		4.99		1.11		1.00		124.00		93.10
78	14:43:02	H		91.75		75.00		3.14		0.78		1.00		128.00		91.65
79	14:43:08	H		94.25		75.00		5.04		0.94		1.00		125.00		93.90
80	14:43:15	H		96.50		75.00		4.93		0.47		1.00		125.00		96.20
81	14:43:21	H		93.50		75.00		4.57		0.59		1.00		122.00		93.25
82	14:43:28	H		92.00		75.00		4.94		0.45		1.00		127.00		91.85
83	14:43:34	H		102.25		75.00		3.64		0.82		1.00		124.00		101.95
84	14:43:41	H		91.25		75.00		3.82		0.48		1.00		126.00		91.00
85	14:43:48	H		91.50		75.00		5.11		0.87		1.00		126.00		91.15
86	14:43:55	H		91.75		75.00		4.43		0.73		2.00		122.00		90.10
87	14:44:01	H		97.75		75.00		4.49		0.69		1.00		126.00		97.60
88	14:44:09	H		88.50		75.00		3.04		0.81		1.00		130.00		88.50
89	14:44:16	H		88.25		75.00		4.69		0.53		1.00		127.00		88.10
90	14:44:22	H		92.25		75.00		2.71		0.40		1.00		131.00		91.95
91	14:44:28	H		99.75		75.00		5.27		0.65		1.00		122.00		99.05
92	14:44:35	H		86.25		75.00		4.37		0.52		1.00		122.00		85.85
93	14:44:41	H		90.00		75.00		5.04		0.54		1.00		120.00		90.00
94	14:44:47	H		92.50		75.00		4.94		0.67		1.00		124.00		92.10
95	14:44:54	H		99.00		75.00		4.10		0.53		1.00		130.00		98.75
96	14:45:01	H		85.50		75.00		5.10		0.62		1.00		132.00		85.10
97	14:45:07	H		94.50		75.00		4.80		0.71		1.00		122.00		94.20
98	14:45:13	H		95.75		75.00		2.91		0.43		1.00		133.00		95.55
99	14:45:19	H		89.75		75.00		2.91		0.73		1.00		132.00		89.15
100	14:45:26	H		86.75		75.00		4.49		0.46		1.00		123.00		86.70
101	14:45:32	H		89.00		75.00		4.24		0.41		1.00		128.00		88.70
102	14:45:45	H		86.00		75.00		3.83		0.71		1.00		137.00		85.60
103	14:45:52	H		98.00		75.00		4.08		0.77		1.00		135.00		97.50
104	14:46:00	H		92.25		75.00		5.18		0.63		1.00		121.00		92.10
105	14:46:09	H		85.00		75.00		3.79		0.93		1.00		132.00		84.55
106	14:46:15	H		78.25		75.00		2.59		0.52		1.00		139.00		77.65
107	14:46:23	H		85.50		75.00		4.27		0.94		1.00		128.00		85.20
108	14:46:30	H		92.25		75.00		3.65		0.91		1.00		126.00		91.40
109	14:46:37	M		13.25		75.00		1.00		0.13		1.00		NaN		13.10
110	14:51:49	H		83.50		75.00		3.48		1.46		1.00		128.00		83.20
111	14:51:56	H		82.50		75.00		4.23		1.37		1.00		125.00		82.30
112	14:52:02	H		87.00		75.00		4.96		0.96		1.00		124.00		86.90
113	14:52:08	H		87.75		75.00		3.60		0.98		1.00		131.00		87.25
114	14:52:15	H		86.25		75.00		3.91		0.98		1.00		124.00		86.00
115	14:52:20	H		86.50		75.00		3.01		1.06		1.00		131.00		86.20
116	14:52:40	H		92.25		75.00		3.78		1.48		1.00		145.00		92.25
117	14:52:47	H		100.75		75.00		4.45		0.77		1.00		124.00		100.55
118	14:52:53	H		84.75		75.00		3.30		1.40		2.00		210.00		46.30
119	14:53:02	H		86.25		75.00		3.05		1.13		1.00		128.00		86.20
120	14:53:08	H		85.25		75.00		5.68		0.81		1.00		117.00		84.65
121	14:53:16	H		77.00		75.00		5.01		0.56		1.00		121.00		76.65
122	14:53:23	H		86.50		75.00		4.80		0.77		1.00		122.00		86.25
123	14:53:30	M		69.00		75.00		2.52		1.13		2.00		NaN		38.23
124	14:53:35	H		85.00		75.00		3.59		0.78		1.00		128.00		84.80
125	14:53:48	H		85.25		75.00		3.59		0.95		1.00		128.00		85.15
126	14:53:54	H		86.00		75.00		4.43		0.47		1.00		131.00		85.55
127	14:54:01	H		84.25		75.00		4.00		0.35		1.00		126.00		83.90
128	14:54:08	H		83.00		75.00		4.11		0.37		1.00		127.00		82.55
129	14:54:15	H		88.00		75.00		4.66		0.47		1.00		125.00		87.80
130	14:54:23	H		82.50		75.00		4.85		0.64		1.00		123.00		82.00
131	14:54:30	H		84.50		75.00		3.86		0.67		1.00		132.00		84.00
132	14:54:43	H		86.50		75.00		4.28		0.83		1.00		129.00		86.25
133	14:54:54	H		81.25		75.00		4.04		0.79		1.00		129.00		80.75
134	14:55:02	H		86.25		75.00		4.27		0.88		1.00		124.00		86.20
135	14:55:10	H		80.75		75.00		4.64		0.65		1.00		127.00		80.40
136	15:03:31	M		63.50		75.00		2.41		1.03		1.00		NaN		62.95
137	15:03:41	H		76.75		75.00		3.46		1.29		1.00		152.00		76.70
