Subject:	G
Date:	01/29/2015
Stage:	K27: 75 degrees
Device:	Knob
Device Position:	1.250000
Constraint:	None
Trial Initiation Threshold:	5.00 degrees (total)
Hit Threshold:	75.00 degrees (total)
Hit Window:	2.00 s

Overall Hit Rate:	80.53%
Hits:	91
Misses:	22
Mean Max Turn Distance for Session:	74.18 degrees (total)
Standard Deviation:	21.79
Max of Signal (deg):	98.250000
Min of Signal (deg):	-0.750000
Mean Peak Velocity (deg/10ms):	1.793628
Mean Peak Acceleration (deg/10ms^2):	0.836315
Mean Number of Turns:	1.079646
Mean Latency to Hit (ms):	169.142857
Total Mean Turn Distance (deg):	68.445222

Trial 	Time		Outcome		degrees		Hit Thres	Peak Vel	Peak Accel	# of Turns	Latency to hit	Avg turn distance
1	14:15:30	M		21.25		75.00		1.19		0.18		1.00		NaN		NaN
2	14:15:37	H		96.25		75.00		3.72		0.52		2.00		252.00		51.29
3	14:16:05	M		8.50		75.00		0.20		0.16		1.00		NaN		8.40
4	14:16:30	H		80.25		75.00		3.27		1.06		1.00		149.00		80.25
5	14:16:44	M		65.25		75.00		1.73		0.81		1.00		NaN		65.25
6	14:16:50	H		77.75		75.00		2.02		1.03		1.00		160.00		77.75
7	14:17:03	M		65.00		75.00		2.18		0.84		1.00		NaN		65.00
8	14:17:13	H		79.75		75.00		2.01		1.02		1.00		160.00		79.70
9	14:17:24	H		78.25		75.00		1.70		1.02		1.00		169.00		78.25
10	14:17:34	M		46.25		75.00		1.32		0.60		1.00		NaN		46.05
11	14:17:44	M		73.00		75.00		2.40		1.00		1.00		NaN		72.80
12	14:17:48	H		82.50		75.00		2.22		1.00		1.00		133.00		82.50
13	14:17:57	H		75.75		75.00		2.09		0.94		1.00		180.00		75.75
14	14:18:06	H		75.75		75.00		1.71		0.99		1.00		164.00		75.75
15	14:18:14	M		61.75		75.00		1.52		0.14		1.00		NaN		5.75
16	14:18:22	H		82.00		75.00		1.42		1.04		1.00		168.00		82.00
17	14:18:36	H		77.50		75.00		1.27		0.13		1.00		290.00		5.55
18	14:18:46	M		49.25		75.00		1.36		0.71		1.00		NaN		48.50
19	14:18:54	M		13.25		75.00		0.77		0.13		1.00		NaN		13.25
20	14:19:04	H		81.75		75.00		1.99		0.97		1.00		166.00		81.75
21	14:19:14	H		78.00		75.00		1.62		0.96		1.00		164.00		78.00
22	14:19:24	H		77.25		75.00		2.15		0.97		1.00		159.00		77.25
23	14:19:38	M		5.50		75.00		0.07		0.06		1.00		NaN		5.50
24	14:19:42	H		93.25		75.00		0.00		0.94		1.00		1.00		NaN
25	14:19:54	M		57.00		75.00		1.47		0.73		1.00		NaN		56.70
26	14:20:01	H		85.00		75.00		2.33		1.04		1.00		145.00		85.00
27	14:20:09	H		78.75		75.00		1.98		0.99		1.00		151.00		78.65
28	14:20:19	M		61.50		75.00		2.04		0.74		1.00		NaN		61.45
29	14:20:31	M		12.75		75.00		0.82		0.12		1.00		NaN		12.50
30	14:20:35	H		98.25		75.00		0.00		0.99		1.00		1.00		NaN
31	14:20:46	H		86.75		75.00		2.06		1.05		1.00		153.00		86.40
32	14:20:56	H		83.25		75.00		1.97		1.04		1.00		169.00		83.25
33	14:21:08	H		88.00		75.00		2.49		1.11		1.00		159.00		87.80
34	14:21:17	H		82.25		75.00		2.54		1.00		1.00		158.00		82.25
35	14:21:30	H		83.00		75.00		2.25		0.99		1.00		154.00		82.90
36	14:21:41	H		79.00		75.00		1.83		1.00		1.00		165.00		79.00
37	14:21:50	M		5.75		75.00		0.71		0.10		2.00		NaN		5.65
38	14:21:54	H		87.75		75.00		0.99		1.10		1.00		106.00		87.70
39	14:22:04	H		78.75		75.00		1.97		1.00		1.00		150.00		78.75
40	14:22:13	H		87.00		75.00		2.22		1.04		1.00		156.00		86.90
41	14:22:27	H		89.50		75.00		1.44		1.05		1.00		195.00		89.50
42	14:22:35	H		90.75		75.00		1.85		1.07		1.00		152.00		90.70
43	14:22:48	H		87.00		75.00		1.47		1.06		1.00		193.00		87.00
44	14:22:59	H		84.25		75.00		1.78		1.07		1.00		162.00		84.00
45	14:23:07	M		43.75		75.00		1.20		0.49		1.00		NaN		43.20
46	14:23:23	H		83.50		75.00		1.95		1.00		1.00		166.00		83.50
47	14:23:34	H		79.00		75.00		2.13		1.01		1.00		173.00		79.00
48	14:23:43	H		84.00		75.00		2.17		1.00		1.00		146.00		84.00
49	14:23:55	H		77.75		75.00		1.63		1.00		1.00		176.00		77.75
50	14:24:04	H		86.50		75.00		1.86		0.16		2.00		273.00		46.83
51	14:24:15	H		78.75		75.00		1.64		0.97		1.00		169.00		78.75
52	14:24:31	H		91.00		75.00		1.92		1.00		1.00		165.00		91.00
53	14:24:41	H		76.00		75.00		1.73		1.01		1.00		179.00		76.00
54	14:24:49	H		75.50		75.00		2.17		1.02		1.00		167.00		75.50
55	14:24:58	H		88.50		75.00		2.19		0.18		2.00		252.00		49.23
56	14:25:09	H		85.25		75.00		2.13		1.03		1.00		150.00		85.25
57	14:25:18	H		81.75		75.00		2.27		1.01		1.00		139.00		81.75
58	14:25:28	H		81.25		75.00		1.78		1.00		1.00		169.00		81.25
59	14:25:39	H		81.25		75.00		1.72		1.02		1.00		168.00		81.25
60	14:25:48	H		79.00		75.00		1.82		0.98		1.00		171.00		79.00
61	14:25:58	H		83.50		75.00		2.04		0.94		1.00		156.00		83.50
62	14:26:09	H		84.50		75.00		1.82		0.99		1.00		173.00		84.50
63	14:26:17	M		50.25		75.00		1.49		0.86		1.00		NaN		48.85
64	14:26:21	M		16.75		75.00		1.09		0.18		3.00		NaN		12.92
65	14:26:26	H		83.75		75.00		1.86		1.01		1.00		169.00		83.60
66	14:26:37	H		96.00		75.00		1.78		1.02		1.00		164.00		96.00
67	14:26:50	H		83.75		75.00		1.75		0.99		1.00		158.00		83.55
68	14:27:00	H		83.50		75.00		1.78		1.00		1.00		165.00		83.50
69	14:27:09	H		77.50		75.00		2.06		0.99		1.00		162.00		77.50
70	14:27:18	H		78.25		75.00		1.56		0.95		1.00		179.00		78.25
71	14:27:33	H		83.50		75.00		2.01		1.00		1.00		157.00		83.50
72	14:27:44	H		80.00		75.00		1.69		1.00		1.00		159.00		80.00
73	14:27:51	M		9.00		75.00		0.96		0.17		2.00		NaN		7.38
74	14:27:55	M		73.75		75.00		0.01		0.80		1.00		NaN		NaN
75	14:28:02	H		85.25		75.00		2.73		1.05		1.00		151.00		85.25
76	14:28:15	H		84.00		75.00		2.24		1.00		1.00		145.00		84.00
77	14:28:25	H		82.75		75.00		1.78		1.02		1.00		149.00		82.75
78	14:28:36	H		80.75		75.00		2.50		0.98		1.00		143.00		80.75
79	14:28:44	H		93.75		75.00		2.64		0.24		1.00		274.00		8.60
80	14:29:01	H		82.75		75.00		1.66		1.02		1.00		155.00		82.75
81	14:29:11	H		82.25		75.00		2.05		1.00		1.00		151.00		82.05
82	14:29:24	H		84.00		75.00		1.81		1.02		1.00		158.00		83.80
83	14:29:34	H		82.50		75.00		1.92		1.05		1.00		156.00		82.50
84	14:29:43	H		81.75		75.00		1.88		1.01		1.00		164.00		81.75
85	14:30:03	H		94.25		75.00		2.01		1.06		1.00		161.00		94.25
86	14:30:11	H		90.50		75.00		2.16		1.02		1.00		161.00		90.50
87	14:30:23	H		90.25		75.00		2.22		1.02		1.00		162.00		90.25
88	14:30:34	H		91.25		75.00		1.90		1.07		1.00		155.00		91.25
89	14:30:43	H		82.75		75.00		1.97		0.23		1.00		279.00		12.25
90	14:30:51	M		5.75		75.00		0.10		0.18		1.00		NaN		5.50
91	14:30:55	H		75.50		75.00		2.13		0.37		1.00		299.00		20.00
92	14:31:08	H		83.25		75.00		2.23		1.01		1.00		161.00		83.20
93	14:31:17	H		76.00		75.00		1.56		0.23		2.00		299.00		43.93
94	14:31:27	H		76.25		75.00		2.12		0.58		1.00		288.00		32.75
95	14:31:37	H		78.50		75.00		1.86		0.97		1.00		159.00		78.50
96	14:31:46	H		79.50		75.00		1.53		1.01		1.00		167.00		79.50
97	14:32:01	H		80.00		75.00		2.01		0.98		1.00		190.00		79.90
98	14:32:11	H		80.25		75.00		1.81		1.01		1.00		164.00		80.25
99	14:32:22	H		84.75		75.00		1.76		1.03		1.00		164.00		84.75
100	14:32:33	H		81.25		75.00		1.95		1.01		1.00		150.00		81.25
101	14:32:43	H		83.75		75.00		2.16		0.33		2.00		253.00		48.13
102	14:32:53	H		78.00		75.00		1.73		0.96		1.00		161.00		77.85
103	14:33:03	H		81.50		75.00		1.83		1.03		1.00		162.00		81.50
104	14:33:17	H		84.75		75.00		2.18		1.04		1.00		151.00		84.75
105	14:33:29	M		64.25		75.00		1.84		0.22		1.00		NaN		15.60
106	14:33:35	M		13.75		75.00		1.06		0.27		1.00		NaN		13.55
107	14:33:40	H		81.00		75.00		2.18		1.06		1.00		147.00		81.00
108	14:33:49	H		78.75		75.00		1.84		1.02		1.00		160.00		78.75
109	14:34:01	H		81.75		75.00		2.35		1.03		1.00		146.00		81.75
110	14:34:11	H		86.50		75.00		1.71		0.97		1.00		171.00		86.25
111	14:34:21	H		90.00		75.00		2.36		1.07		1.00		138.00		90.00
112	14:35:03	H		78.75		75.00		1.91		1.00		1.00		156.00		78.75
113	14:35:18	H		81.75		75.00		2.65		1.01		1.00		153.00		81.75
